$ANSIBLE_VAULT;1.1;AES256
61613335613232353934643963326532303739363131326634653866323936353232326432663530
3036636238643734353933666631373533623062633039610a663165376337666631313936393631
34316432396132393834656562313635626536623937373739323936373163343639383462353339
6232656334373635330a663938326438366631656536643533333538663732353532643764663037
61366531323266666135653031353036313633666262376464396564376263373963303866663530
32663339383735336433353334633231643337386335333331313533373563376330633133333164
39353239363364626164313962666231653739633630383662383930303537323937346161613265
34346535633738623732353361366337626139303237323732373865663133326332346536376362
33663031333461353562333338376233313961393436363739323963303833636239633066343333
35323761323930616335303635393135333464306165633063346436363864386537336335373739
31343330663262646330353138666465373232393262633262313239653034616166363032636136
66653435656631326531353163666361633763666232626434643531356163646530356634383766
61303666343734633438653130653164333933333966366563656630616130303939346164343939
61613235643665623535616363383635363965303233656361663063656266363938613235313463
34393266326239613461353730343532363035353066313566613764643463356636653737393837
36396464373861316239623539656331336362363437386261303862303138666637636438316530
37353135346532633262666134333335316533303562323962303133386336316337313736626432
38623738666666633038646436653362633063626162396163623431306634336536613237663963
63633138366132613665613238663830363932383935393137313564373439663664326432663937
64613265663238393832363930343962373334356163613964373934336537613234363365643437
32356332643639353535313863333335636232643231616364396239346239383465326463313430
66636262353761636161343638656532663639336130663739653132663233303733303664363262
30653066316530393234316330313662396138633333633665353331623661646239306435663431
33623765353965626537663537633866376338623635326661666431323464306638653461303466
65396230393637613232366538623637323138636234623437343064646561346463353661386566
6230333638303464653933383333393336333138393430366263
